<?xml version="1.0" encoding="utf-8"?>
<COLLADA xmlns="http://www.collada.org/2005/11/COLLADASchema" version="1.4.1">
  <asset><contributor><author></author><authoring_tool>FBX COLLADA exporter</authoring_tool><comments></comments></contributor><created>2016-12-09T06:22:00Z</created><keywords></keywords><modified>2016-12-09T06:22:00Z</modified><revision></revision><subject></subject><title></title><unit meter="1.000000" name="centimeter"></unit><up_axis>Y_UP</up_axis></asset>
  <library_materials>
    <material id="b0b0b0" name="b0b0b0">
      <instance_effect url="#b0b0b0-fx"/>
    </material>
  </library_materials>
  <library_effects>
    <effect id="b0b0b0-fx" name="b0b0b0">
      <profile_COMMON>
        <technique sid="standard">
          <phong>
            <emission>
              <color sid="emission">0.000000  0.000000 0.000000 1.000000</color>
            </emission>
            <ambient>
              <color sid="ambient">0.000000  0.000000 0.000000 1.000000</color>
            </ambient>
            <diffuse>
              <color sid="diffuse">0.690196  0.690196 0.690196 1.000000</color>
            </diffuse>
            <specular>
              <color sid="specular">0.002353  0.002353 0.002353 1.000000</color>
            </specular>
            <shininess>
              <float sid="shininess">29.948882</float>
            </shininess>
            <reflective>
              <color sid="reflective">0.000000  0.000000 0.000000 1.000000</color>
            </reflective>
            <reflectivity>
              <float sid="reflectivity">1.000000</float>
            </reflectivity>
            <transparent opaque="RGB_ZERO">
              <color sid="transparent">1.000000  1.000000 1.000000 1.000000</color>
            </transparent>
            <transparency>
              <float sid="transparency">0.000000</float>
            </transparency>
          </phong>
        </technique>
      </profile_COMMON>
    </effect>
  </library_effects>
  <library_geometries>
    <geometry id="Circle_Circle-lib" name="Circle_CircleMesh">
      <mesh>
        <source id="Circle_Circle-POSITION">
          <float_array id="Circle_Circle-POSITION-array" count="231">
0.144016 0.662538 2.220890
-0.431514 0.529365 2.276390
-0.791207 0.582940 7.833390
-0.390106 0.788589 6.983000
1.061400 -0.175065 0.000000
0.690902 0.627463 0.000000
0.611098 0.296805 2.231970
0.618011 -0.292427 3.097590
-0.346844 -1.080590 0.000000
0.337312 -0.709960 0.000000
0.159549 -0.661457 3.172950
-0.419057 -0.532396 2.401310
-0.621169 0.491937 0.000000
-0.773408 -0.175065 0.000000
-0.682104 -0.002430 2.356680
-0.084031 1.000650 0.000000
-0.146160 0.350289 7.546830
-0.441002 -0.058063 9.538190
-0.067806 -0.331297 9.504750
-0.073205 -0.087766 8.099950
-0.583754 -0.320697 8.077570
-0.965822 0.100130 8.147050
-1.047420 0.364897 7.569010
-0.112881 -0.548276 9.542720
2.152350 -0.501393 11.510300
2.059860 -0.775358 11.451500
-0.418115 -0.897425 9.877850
-0.658725 -0.411860 9.480170
-0.837589 -0.191503 9.297120
-0.596887 -0.002855 9.222060
-0.558322 -0.224592 9.630500
-1.432000 1.126270 11.737500
-1.527470 1.039690 11.739200
-0.599279 -1.189600 12.068200
-0.981955 -1.216960 12.399600
-1.426120 -2.093870 13.494000
-1.073850 -2.089590 13.400000
1.763300 -0.503331 11.656300
3.435500 -1.285540 12.575400
3.747310 -1.295930 12.436600
1.992520 -0.266173 11.589000
3.279050 0.832802 12.051700
3.122300 0.766402 12.186500
3.611010 -1.414780 12.275200
3.134770 0.886702 12.058800
-1.443270 -2.131270 13.185400
-0.966106 -3.305030 13.455600
-0.595675 -3.531100 13.714600
-1.118370 -1.329630 12.096400
-0.746554 -1.572890 12.058100
-1.141900 -2.161480 13.117900
-1.059640 -1.216630 11.840100
-0.875143 -0.976536 11.888300
-1.600600 -3.034530 14.120000
-1.854380 -3.019250 13.941600
-1.858460 -3.003350 14.166300
-0.607021 -3.500060 13.486600
-1.717780 -0.283435 13.292300
-1.630540 -0.169898 13.315100
-1.745560 -0.336874 13.413400
-1.681050 -0.283592 13.556800
-1.634730 1.167770 11.551400
-1.931410 2.208480 12.537600
-2.170720 2.185920 12.527300
-1.471040 1.243140 11.572900
-1.585040 0.989029 11.610300
-2.870890 1.359700 12.803900
-2.976840 1.561850 12.706300
-2.875320 1.555770 12.925700
-3.890840 1.252410 13.119400
-3.774610 1.287000 13.309000
-2.906310 1.742610 12.721700
-3.581940 2.176230 13.404200
-3.704740 2.086600 13.209500
-2.046500 2.304000 12.469800
-3.573570 2.207600 13.121700
-3.847400 1.087620 13.275400
</float_array>
          <technique_common>
            <accessor source="#Circle_Circle-POSITION-array" count="77" stride="3">
              <param name="X" type="float"/>
              <param name="Y" type="float"/>
              <param name="Z" type="float"/>
            </accessor>
          </technique_common>
        </source>
        <source id="Circle_Circle-Normal0">
          <float_array id="Circle_Circle-Normal0-array" count="231">
0.146794 0.985961 0.079470
-0.693075 0.720786 0.006775
-0.394971 0.878201 0.269662
0.201025 0.977569 0.062685
0.959716 -0.259713 0.106998
0.756432 0.642476 0.122562
0.823115 0.556200 0.114353
0.929197 -0.347026 0.126865
-0.448897 -0.886563 0.111667
0.384411 -0.919370 0.083529
0.130802 -0.988464 0.076266
-0.564043 -0.823267 0.063753
-0.777947 0.623524 0.077151
-0.995239 -0.075899 0.060793
-0.999878 0.014832 -0.002289
-0.016572 0.992126 0.123905
0.829859 0.530259 0.173589
0.590899 0.745445 0.308329
0.856716 0.395032 -0.331553
0.911771 -0.410199 -0.018982
-0.148778 -0.986297 -0.070986
-0.794366 -0.606433 -0.034425
-0.986938 0.160344 0.014740
0.754265 -0.647938 -0.105991
0.808405 0.426283 -0.405835
0.111087 -0.864193 -0.490677
0.112735 -0.959319 -0.258797
-0.870724 -0.491745 0.002716
-0.991913 -0.024842 -0.124424
-0.189550 0.973144 0.130528
-0.041566 -0.012146 0.999054
0.819849 0.106174 0.562609
0.296915 -0.805444 0.512925
0.922117 0.239021 0.304178
0.158910 0.466811 0.869930
-0.412091 0.713340 0.566820
0.716727 0.246498 0.652303
-0.508133 -0.141362 0.849574
-0.188726 -0.075320 0.979125
0.958800 -0.127110 0.253914
-0.300027 0.916074 -0.265999
0.896817 0.419660 0.139805
-0.105533 0.135289 0.985137
0.316080 -0.830348 -0.458846
-0.154942 0.963652 -0.217536
-0.902890 -0.182592 -0.389111
-0.849208 -0.514298 -0.119572
0.503403 -0.706870 0.496841
-0.846187 -0.457228 -0.273659
0.317789 -0.894894 -0.313273
0.485458 -0.550951 -0.678762
-0.910337 -0.155278 -0.383557
-0.012024 0.998016 0.061708
0.647847 -0.554552 0.522202
-0.661458 -0.588214 -0.465224
-0.598498 -0.221992 0.769707
0.485061 -0.617481 -0.619190
-0.887326 0.340678 -0.310709
0.112400 0.993591 0.010468
-0.938322 -0.214942 0.270730
-0.101688 0.180273 0.978332
-0.794031 0.333537 -0.508194
0.540757 0.095828 0.835658
-0.956175 0.179479 0.231269
0.276986 0.820307 -0.500320
-0.552721 -0.833125 0.018891
0.141026 -0.954009 0.264443
-0.706473 -0.319895 -0.631275
0.445479 0.273721 0.852382
-0.843867 0.233314 -0.483108
-0.165380 0.430525 0.887265
0.051729 0.821558 -0.567705
-0.240242 0.250099 0.937925
-0.982757 -0.144719 -0.115024
0.085177 0.996338 -0.001312
-0.085543 0.900021 -0.427320
-0.501633 -0.802881 0.321970
</float_array>
          <technique_common>
            <accessor source="#Circle_Circle-Normal0-array" count="77" stride="3">
              <param name="X" type="float"/>
              <param name="Y" type="float"/>
              <param name="Z" type="float"/>
            </accessor>
          </technique_common>
        </source>
        <source id="Circle_Circle-UV0">
          <float_array id="Circle_Circle-UV0-array" count="154">
0.780605 0.099039
0.860392 0.114878
0.873261 0.351427
0.815815 0.290315
0.680917 0.078746
0.727914 0.022991
0.715375 0.123923
0.705665 0.199321
0.859060 0.148840
0.773934 0.120072
0.768656 0.231244
0.854111 0.196376
0.900285 0.041288
0.916661 0.089857
0.892286 0.158645
0.831164 0.000000
0.769587 0.350843
0.782333 0.526962
0.724777 0.543803
0.751274 0.412050
0.833783 0.431571
0.897016 0.406200
0.915864 0.356935
0.732304 0.562272
0.303101 0.627232
0.327119 0.643979
0.780359 0.609369
0.827869 0.556406
0.889816 0.530848
0.858721 0.500460
0.805580 0.549801
0.793774 0.730508
0.858395 0.757401
0.923557 0.894546
0.861625 0.885391
0.370246 0.639548
0.051761 0.747388
0.000000 0.736457
0.325379 0.615909
0.029933 0.550159
0.058115 0.566219
0.035425 0.734282
0.056715 0.547155
0.928375 0.874286
0.837504 0.959142
0.771634 0.988442
0.884608 0.744943
0.818922 0.756190
0.875750 0.869580
0.877036 0.719781
0.845192 0.705508
0.942864 0.996878
0.988014 0.983808
0.987889 1.000000
0.776195 0.970196
0.995839 0.761460
0.980202 0.754372
1.000000 0.774598
0.987484 0.781263
0.782333 0.526962
0.805580 0.549801
0.889816 0.530848
0.782333 0.526962
0.889816 0.530848
0.858721 0.500460
0.827869 0.556406
0.805580 0.549801
0.827869 0.556406
0.782333 0.526962
0.827869 0.556406
0.782333 0.526962
0.889816 0.530848
0.782333 0.526962
0.827869 0.556406
0.858721 0.500460
0.889816 0.530848
0.805580 0.549801
</float_array>
          <technique_common>
            <accessor source="#Circle_Circle-UV0-array" count="77" stride="2">
              <param name="S" type="float"/>
              <param name="T" type="float"/>
            </accessor>
          </technique_common>
        </source>
        <vertices id="Circle_Circle-VERTEX">
          <input semantic="POSITION" source="#Circle_Circle-POSITION"/>
        </vertices>
        <polylist count="75" material="b0b0b0"><input semantic="VERTEX" offset="0" source="#Circle_Circle-VERTEX"/><input semantic="NORMAL" offset="1" source="#Circle_Circle-Normal0"/><input semantic="TEXCOORD" offset="2" set="0" source="#Circle_Circle-UV0"/><vcount>4 4 4 4 4 4 4 4 4 4 4 4 4 4 4 4 4 4 4 4 4 4 4 4 4 4 4 4 4 3 4 4 3 4 4 4 4 4 4 4 4 5 5 4 3 4 4 3 4 4 4 4 4 4 4 4 4 4 4 4 4 4 4 4 4 4 3 4 4 3 4 4 3 4 4 </vcount><p> 0 0 0 1 1 1 2 2 2 3 3 3 4 4 4 5 5 5 6 6 6 7 7 7 8 8 8 9 9 9 10 10 10 11 11 11 12 12 12 13 13 13 14 14 14 1 1 1 5 5 5 15 15 15 0 0 0 6 6 6 9 9 9 4 4 4 7 7 7 10 10 10 13 13 13 8 8 8 11 11 11 14 14 14 15 15 15 12 12 12 1 1 1 0 0 0 16 16 16 3 3 3 17 17 17 18 18 18 7 7 7 6 6 6 16 16 16 19 19 19 11 11 11 10 10 10 20 20 20 21 21 21 1 1 1 14 14 14 22 22 22 2 2 2 6 6 6 0 0 0 3 3 3 16 16 16 10 10 10 7 7 7 19 19 19 20 20 20 14 14 14 11 11 11 21 21 21 22 22 22 23 23 23 18 18 18 24 24 24 25 25 25 20 20 20 19 19 19 23 23 23 26 26 26 22 22 22 21 21 21 27 27 27 28 28 28 3 3 3 2 2 2 29 29 29 17 17 17 19 19 19 16 16 16 18 18 18 23 23 23 21 21 21 20 20 20 26 26 26 27 27 27 2 2 2 22 22 22 28 28 28 29 29 29 30 30 30 17 17 17 31 31 59 32 32 60 33 33 31 34 34 32 35 35 33 36 36 34 24 24 24 37 37 35 38 38 36 39 39 37 30 30 30 23 23 23 25 25 25 37 37 35 17 17 17 30 30 30 37 37 35 40 40 38 18 18 18 17 17 17 40 40 38 24 24 24 37 37 35 24 24 24 41 41 39 42 42 40 43 43 41 39 39 37 38 38 36 37 37 35 25 25 25 43 43 41 38 38 36 25 25 25 24 24 24 39 39 37 43 43 41 41 41 39 44 44 42 42 42 40 40 40 38 37 37 35 42 42 40 44 44 42 24 24 24 40 40 38 44 44 42 41 41 39 36 36 34 45 45 43 46 46 44 47 47 45 48 48 46 49 49 47 50 50 48 45 45 43 49 49 47 33 33 31 36 36 34 50 50 48 34 34 32 48 48 46 45 45 43 35 35 33 30 30 30 27 27 27 51 51 49 52 52 50 26 26 26 23 23 23 33 33 31 49 49 47 27 27 27 26 26 26 49 49 47 48 48 46 51 51 49 23 23 23 30 30 30 52 52 50 34 34 32 33 33 31 45 45 43 36 36 34 53 53 51 54 54 52 53 53 51 55 55 53 54 54 52 36 36 34 35 35 33 55 55 53 53 53 51 35 35 33 45 45 43 54 54 52 55 55 53 56 56 54 47 47 45 46 46 44 50 50 48 36 36 34 47 47 45 56 56 54 45 45 43 50 50 48 56 56 54 46 46 44 52 52 50 51 51 49 57 57 55 58 58 56 58 58 56 57 57 55 59 59 57 60 60 58 48 48 46 34 34 32 60 60 58 59 59 57 34 34 32 52 52 50 58 58 56 60 60 58 51 51 49 48 48 46 59 59 57 57 57 55 61 61 61 31 31 59 62 62 62 63 63 63 29 29 29 28 28 28 61 61 61 64 64 64 27 27 27 30 30 30 32 32 60 65 65 65 28 28 28 27 27 27 65 65 65 61 61 61 17 17 17 29 29 29 64 64 64 31 31 59 65 65 65 32 32 60 66 66 66 67 67 67 68 68 68 67 67 67 69 69 69 70 70 70 61 61 61 65 65 65 67 67 67 71 71 71 32 32 60 31 31 59 68 68 68 66 66 66 31 31 59 61 61 61 71 71 71 68 68 68 67 67 67 68 68 68 72 72 72 73 73 73 62 62 62 74 74 74 63 63 63 64 64 64 61 61 61 63 63 63 74 74 74 31 31 59 64 64 64 74 74 74 62 62 62 72 72 72 75 75 75 73 73 73 68 68 68 71 71 71 75 75 75 72 72 72 71 71 71 67 67 67 73 73 73 75 75 75 76 76 76 70 70 70 69 69 69 67 67 67 66 66 66 76 76 76 69 69 69 66 66 66 68 68 68 70 70 70 76 76 76</p></polylist>
      </mesh>
    </geometry>
  </library_geometries>
  <library_animations>
    <animation id="CameraPreset-anim" name="CameraPreset"><animation><source id="CameraPreset-Matrix-animation-input"><float_array id="CameraPreset-Matrix-animation-input-array" count="361">

0.000000 0.033333 0.066667 0.100000 0.133333 0.166667 0.200000 0.233333 0.266667 0.300000 0.333333 0.366667 0.400000 0.433333 0.466667 0.500000
0.533333 0.566667 0.600000 0.633333 0.666667 0.700000 0.733333 0.766667 0.800000 0.833333 0.866667 0.900000 0.933333 0.966667 1.000000 1.033333
1.066667 1.100000 1.133333 1.166667 1.200000 1.233333 1.266667 1.300000 1.333333 1.366667 1.400000 1.433333 1.466667 1.500000 1.533333 1.566667
1.600000 1.633333 1.666667 1.700000 1.733333 1.766667 1.800000 1.833333 1.866667 1.900000 1.933333 1.966667 2.000000 2.033333 2.066667 2.100000
2.133333 2.166667 2.200000 2.233333 2.266667 2.300000 2.333333 2.366667 2.400000 2.433333 2.466667 2.500000 2.533333 2.566667 2.600000 2.633333
2.666667 2.700000 2.733333 2.766667 2.800000 2.833333 2.866667 2.900000 2.933333 2.966667 3.000000 3.033333 3.066667 3.100000 3.133333 3.166667
3.200000 3.233333 3.266667 3.300000 3.333333 3.366667 3.400000 3.433333 3.466667 3.500000 3.533333 3.566667 3.600000 3.633333 3.666667 3.700000
3.733333 3.766667 3.800000 3.833333 3.866667 3.900000 3.933333 3.966667 4.000000 4.033333 4.066667 4.100000 4.133333 4.166667 4.200000 4.233333
4.266667 4.300000 4.333333 4.366667 4.400000 4.433333 4.466667 4.500000 4.533333 4.566667 4.600000 4.633333 4.666667 4.700000 4.733333 4.766667
4.800000 4.833333 4.866667 4.900000 4.933333 4.966667 5.000000 5.033333 5.066667 5.100000 5.133333 5.166667 5.200000 5.233333 5.266667 5.300000
5.333333 5.366667 5.400000 5.433333 5.466667 5.500000 5.533333 5.566667 5.600000 5.633333 5.666667 5.700000 5.733333 5.766667 5.800000 5.833333
5.866667 5.900000 5.933333 5.966667 6.000000 6.033333 6.066667 6.100000 6.133333 6.166667 6.200000 6.233333 6.266667 6.300000 6.333333 6.366667
6.400000 6.433333 6.466667 6.500000 6.533333 6.566667 6.600000 6.633333 6.666667 6.700000 6.733333 6.766667 6.800000 6.833333 6.866667 6.900000
6.933333 6.966667 7.000000 7.033333 7.066667 7.100000 7.133333 7.166667 7.200000 7.233333 7.266667 7.300000 7.333333 7.366667 7.400000 7.433333
7.466667 7.500000 7.533333 7.566667 7.600000 7.633333 7.666667 7.700000 7.733333 7.766667 7.800000 7.833333 7.866667 7.900000 7.933333 7.966667
8.000000 8.033333 8.066667 8.100000 8.133333 8.166667 8.200000 8.233333 8.266667 8.300000 8.333333 8.366667 8.400000 8.433333 8.466667 8.500000
8.533333 8.566667 8.600000 8.633333 8.666667 8.700000 8.733333 8.766667 8.800000 8.833333 8.866667 8.900000 8.933333 8.966667 9.000000 9.033333
9.066667 9.100000 9.133333 9.166667 9.200000 9.233333 9.266667 9.300000 9.333333 9.366667 9.400000 9.433333 9.466667 9.500000 9.533333 9.566667
9.600000 9.633333 9.666667 9.700000 9.733333 9.766667 9.800000 9.833333 9.866667 9.900000 9.933333 9.966667 10.000000 10.033333 10.066667 10.100000
10.133333 10.166667 10.200000 10.233333 10.266667 10.300000 10.333333 10.366667 10.400000 10.433333 10.466667 10.500000 10.533333 10.566667 10.600000 10.633333
10.666667 10.700000 10.733333 10.766667 10.800000 10.833333 10.866667 10.900000 10.933333 10.966667 11.000000 11.033333 11.066667 11.100000 11.133333 11.166667
11.200000 11.233333 11.266667 11.300000 11.333333 11.366667 11.400000 11.433333 11.466667 11.500000 11.533333 11.566667 11.600000 11.633333 11.666667 11.700000
11.733333 11.766667 11.800000 11.833333 11.866667 11.900000 11.933333 11.966667 12.000000</float_array><technique_common><accessor source="#CameraPreset-Matrix-animation-input-array" count="361"><param name="TIME" type="float"/></accessor></technique_common></source><source id="CameraPreset-Matrix-animation-output-transform"><float_array id="CameraPreset-Matrix-animation-output-transform-array" count="5776">

1.000000 0.000000 0.000000 -0.071765 0.000000 1.000000 0.000000 7.084502 0.000000 0.000000 1.000000 0.597737 0.000000 0.000000 0.000000 1.000000
0.999848 0.000000 0.017452 -0.071765 0.000000 1.000000 0.000000 7.084502 -0.017452 0.000000 0.999848 0.597737 0.000000 0.000000 0.000000 1.000000
0.999391 0.000000 0.034899 -0.071765 0.000000 1.000000 0.000000 7.084502 -0.034899 0.000000 0.999391 0.597737 0.000000 0.000000 0.000000 1.000000
0.998630 0.000000 0.052336 -0.071765 0.000000 1.000000 0.000000 7.084502 -0.052336 0.000000 0.998630 0.597737 0.000000 0.000000 0.000000 1.000000
0.997564 0.000000 0.069756 -0.071765 0.000000 1.000000 0.000000 7.084502 -0.069756 0.000000 0.997564 0.597737 0.000000 0.000000 0.000000 1.000000
0.996195 0.000000 0.087156 -0.071765 0.000000 1.000000 0.000000 7.084502 -0.087156 0.000000 0.996195 0.597737 0.000000 0.000000 0.000000 1.000000
0.994522 0.000000 0.104528 -0.071765 0.000000 1.000000 0.000000 7.084502 -0.104528 0.000000 0.994522 0.597737 0.000000 0.000000 0.000000 1.000000
0.992546 0.000000 0.121869 -0.071765 0.000000 1.000000 0.000000 7.084502 -0.121869 0.000000 0.992546 0.597737 0.000000 0.000000 0.000000 1.000000
0.990268 0.000000 0.139173 -0.071765 0.000000 1.000000 0.000000 7.084502 -0.139173 0.000000 0.990268 0.597737 0.000000 0.000000 0.000000 1.000000
0.987688 0.000000 0.156434 -0.071765 0.000000 1.000000 0.000000 7.084502 -0.156434 0.000000 0.987688 0.597737 0.000000 0.000000 0.000000 1.000000
0.984808 0.000000 0.173648 -0.071765 0.000000 1.000000 0.000000 7.084502 -0.173648 0.000000 0.984808 0.597737 0.000000 0.000000 0.000000 1.000000
0.981627 0.000000 0.190809 -0.071765 0.000000 1.000000 0.000000 7.084502 -0.190809 0.000000 0.981627 0.597737 0.000000 0.000000 0.000000 1.000000
0.978148 0.000000 0.207912 -0.071765 0.000000 1.000000 0.000000 7.084502 -0.207912 0.000000 0.978148 0.597737 0.000000 0.000000 0.000000 1.000000
0.974370 0.000000 0.224951 -0.071765 0.000000 1.000000 0.000000 7.084502 -0.224951 0.000000 0.974370 0.597737 0.000000 0.000000 0.000000 1.000000
0.970296 0.000000 0.241922 -0.071765 0.000000 1.000000 0.000000 7.084502 -0.241922 0.000000 0.970296 0.597737 0.000000 0.000000 0.000000 1.000000
0.965926 0.000000 0.258819 -0.071765 0.000000 1.000000 0.000000 7.084502 -0.258819 0.000000 0.965926 0.597737 0.000000 0.000000 0.000000 1.000000
0.961262 0.000000 0.275637 -0.071765 0.000000 1.000000 0.000000 7.084502 -0.275637 0.000000 0.961262 0.597737 0.000000 0.000000 0.000000 1.000000
0.956305 0.000000 0.292372 -0.071765 0.000000 1.000000 0.000000 7.084502 -0.292372 0.000000 0.956305 0.597737 0.000000 0.000000 0.000000 1.000000
0.951057 0.000000 0.309017 -0.071765 0.000000 1.000000 0.000000 7.084502 -0.309017 0.000000 0.951057 0.597737 0.000000 0.000000 0.000000 1.000000
0.945519 0.000000 0.325568 -0.071765 0.000000 1.000000 0.000000 7.084502 -0.325568 0.000000 0.945519 0.597737 0.000000 0.000000 0.000000 1.000000
0.939693 0.000000 0.342020 -0.071765 0.000000 1.000000 0.000000 7.084502 -0.342020 0.000000 0.939693 0.597737 0.000000 0.000000 0.000000 1.000000
0.933580 0.000000 0.358368 -0.071765 0.000000 1.000000 0.000000 7.084502 -0.358368 0.000000 0.933580 0.597737 0.000000 0.000000 0.000000 1.000000
0.927184 0.000000 0.374607 -0.071765 0.000000 1.000000 0.000000 7.084502 -0.374607 0.000000 0.927184 0.597737 0.000000 0.000000 0.000000 1.000000
0.920505 0.000000 0.390731 -0.071765 0.000000 1.000000 0.000000 7.084502 -0.390731 0.000000 0.920505 0.597737 0.000000 0.000000 0.000000 1.000000
0.913545 0.000000 0.406737 -0.071765 0.000000 1.000000 0.000000 7.084502 -0.406737 0.000000 0.913545 0.597737 0.000000 0.000000 0.000000 1.000000
0.906308 0.000000 0.422618 -0.071765 0.000000 1.000000 0.000000 7.084502 -0.422618 0.000000 0.906308 0.597737 0.000000 0.000000 0.000000 1.000000
0.898794 0.000000 0.438371 -0.071765 0.000000 1.000000 0.000000 7.084502 -0.438371 0.000000 0.898794 0.597737 0.000000 0.000000 0.000000 1.000000
0.891007 0.000000 0.453990 -0.071765 0.000000 1.000000 0.000000 7.084502 -0.453990 0.000000 0.891007 0.597737 0.000000 0.000000 0.000000 1.000000
0.882948 0.000000 0.469472 -0.071765 0.000000 1.000000 0.000000 7.084502 -0.469472 0.000000 0.882948 0.597737 0.000000 0.000000 0.000000 1.000000
0.874620 0.000000 0.484810 -0.071765 0.000000 1.000000 0.000000 7.084502 -0.484810 0.000000 0.874620 0.597737 0.000000 0.000000 0.000000 1.000000
0.866025 0.000000 0.500000 -0.071765 0.000000 1.000000 0.000000 7.084502 -0.500000 0.000000 0.866025 0.597737 0.000000 0.000000 0.000000 1.000000
0.857167 0.000000 0.515038 -0.071765 0.000000 1.000000 0.000000 7.084502 -0.515038 0.000000 0.857167 0.597737 0.000000 0.000000 0.000000 1.000000
0.848048 0.000000 0.529919 -0.071765 0.000000 1.000000 0.000000 7.084502 -0.529919 0.000000 0.848048 0.597737 0.000000 0.000000 0.000000 1.000000
0.838671 0.000000 0.544639 -0.071765 0.000000 1.000000 0.000000 7.084502 -0.544639 0.000000 0.838671 0.597737 0.000000 0.000000 0.000000 1.000000
0.829038 0.000000 0.559193 -0.071765 0.000000 1.000000 0.000000 7.084502 -0.559193 0.000000 0.829038 0.597737 0.000000 0.000000 0.000000 1.000000
0.819152 0.000000 0.573576 -0.071765 0.000000 1.000000 0.000000 7.084502 -0.573576 0.000000 0.819152 0.597737 0.000000 0.000000 0.000000 1.000000
0.809017 0.000000 0.587785 -0.071765 0.000000 1.000000 0.000000 7.084502 -0.587785 0.000000 0.809017 0.597737 0.000000 0.000000 0.000000 1.000000
0.798636 0.000000 0.601815 -0.071765 0.000000 1.000000 0.000000 7.084502 -0.601815 0.000000 0.798636 0.597737 0.000000 0.000000 0.000000 1.000000
0.788011 0.000000 0.615661 -0.071765 0.000000 1.000000 0.000000 7.084502 -0.615661 0.000000 0.788011 0.597737 0.000000 0.000000 0.000000 1.000000
0.777146 0.000000 0.629320 -0.071765 0.000000 1.000000 0.000000 7.084502 -0.629320 0.000000 0.777146 0.597737 0.000000 0.000000 0.000000 1.000000
0.766044 0.000000 0.642788 -0.071765 0.000000 1.000000 0.000000 7.084502 -0.642788 0.000000 0.766044 0.597737 0.000000 0.000000 0.000000 1.000000
0.754710 0.000000 0.656059 -0.071765 0.000000 1.000000 0.000000 7.084502 -0.656059 0.000000 0.754710 0.597737 0.000000 0.000000 0.000000 1.000000
0.743145 0.000000 0.669131 -0.071765 0.000000 1.000000 0.000000 7.084502 -0.669131 0.000000 0.743145 0.597737 0.000000 0.000000 0.000000 1.000000
0.731354 0.000000 0.681998 -0.071765 0.000000 1.000000 0.000000 7.084502 -0.681998 0.000000 0.731354 0.597737 0.000000 0.000000 0.000000 1.000000
0.719340 0.000000 0.694658 -0.071765 0.000000 1.000000 0.000000 7.084502 -0.694658 0.000000 0.719340 0.597737 0.000000 0.000000 0.000000 1.000000
0.707107 0.000000 0.707107 -0.071765 0.000000 1.000000 0.000000 7.084502 -0.707107 0.000000 0.707107 0.597737 0.000000 0.000000 0.000000 1.000000
0.694658 0.000000 0.719340 -0.071765 0.000000 1.000000 0.000000 7.084502 -0.719340 0.000000 0.694658 0.597737 0.000000 0.000000 0.000000 1.000000
0.681998 0.000000 0.731354 -0.071765 0.000000 1.000000 0.000000 7.084502 -0.731354 0.000000 0.681998 0.597737 0.000000 0.000000 0.000000 1.000000
0.669131 0.000000 0.743145 -0.071765 0.000000 1.000000 0.000000 7.084502 -0.743145 0.000000 0.669131 0.597737 0.000000 0.000000 0.000000 1.000000
0.656059 0.000000 0.754710 -0.071765 0.000000 1.000000 0.000000 7.084502 -0.754710 0.000000 0.656059 0.597737 0.000000 0.000000 0.000000 1.000000
0.642788 0.000000 0.766044 -0.071765 0.000000 1.000000 0.000000 7.084502 -0.766044 0.000000 0.642788 0.597737 0.000000 0.000000 0.000000 1.000000
0.629320 0.000000 0.777146 -0.071765 0.000000 1.000000 0.000000 7.084502 -0.777146 0.000000 0.629320 0.597737 0.000000 0.000000 0.000000 1.000000
0.615661 0.000000 0.788011 -0.071765 0.000000 1.000000 0.000000 7.084502 -0.788011 0.000000 0.615661 0.597737 0.000000 0.000000 0.000000 1.000000
0.601815 0.000000 0.798636 -0.071765 0.000000 1.000000 0.000000 7.084502 -0.798636 0.000000 0.601815 0.597737 0.000000 0.000000 0.000000 1.000000
0.587785 0.000000 0.809017 -0.071765 0.000000 1.000000 0.000000 7.084502 -0.809017 0.000000 0.587785 0.597737 0.000000 0.000000 0.000000 1.000000
0.573576 0.000000 0.819152 -0.071765 0.000000 1.000000 0.000000 7.084502 -0.819152 0.000000 0.573576 0.597737 0.000000 0.000000 0.000000 1.000000
0.559193 0.000000 0.829038 -0.071765 0.000000 1.000000 0.000000 7.084502 -0.829038 0.000000 0.559193 0.597737 0.000000 0.000000 0.000000 1.000000
0.544639 0.000000 0.838671 -0.071765 0.000000 1.000000 0.000000 7.084502 -0.838671 0.000000 0.544639 0.597737 0.000000 0.000000 0.000000 1.000000
0.529919 0.000000 0.848048 -0.071765 0.000000 1.000000 0.000000 7.084502 -0.848048 0.000000 0.529919 0.597737 0.000000 0.000000 0.000000 1.000000
0.515038 0.000000 0.857167 -0.071765 0.000000 1.000000 0.000000 7.084502 -0.857167 0.000000 0.515038 0.597737 0.000000 0.000000 0.000000 1.000000
0.500000 0.000000 0.866025 -0.071765 0.000000 1.000000 0.000000 7.084502 -0.866025 0.000000 0.500000 0.597737 0.000000 0.000000 0.000000 1.000000
0.484810 0.000000 0.874620 -0.071765 0.000000 1.000000 0.000000 7.084502 -0.874620 0.000000 0.484810 0.597737 0.000000 0.000000 0.000000 1.000000
0.469472 0.000000 0.882948 -0.071765 0.000000 1.000000 0.000000 7.084502 -0.882948 0.000000 0.469472 0.597737 0.000000 0.000000 0.000000 1.000000
0.453990 0.000000 0.891007 -0.071765 0.000000 1.000000 0.000000 7.084502 -0.891007 0.000000 0.453990 0.597737 0.000000 0.000000 0.000000 1.000000
0.438371 0.000000 0.898794 -0.071765 0.000000 1.000000 0.000000 7.084502 -0.898794 0.000000 0.438371 0.597737 0.000000 0.000000 0.000000 1.000000
0.422618 0.000000 0.906308 -0.071765 0.000000 1.000000 0.000000 7.084502 -0.906308 0.000000 0.422618 0.597737 0.000000 0.000000 0.000000 1.000000
0.406737 0.000000 0.913545 -0.071765 0.000000 1.000000 0.000000 7.084502 -0.913545 0.000000 0.406737 0.597737 0.000000 0.000000 0.000000 1.000000
0.390731 0.000000 0.920505 -0.071765 0.000000 1.000000 0.000000 7.084502 -0.920505 0.000000 0.390731 0.597737 0.000000 0.000000 0.000000 1.000000
0.374607 0.000000 0.927184 -0.071765 0.000000 1.000000 0.000000 7.084502 -0.927184 0.000000 0.374607 0.597737 0.000000 0.000000 0.000000 1.000000
0.358368 0.000000 0.933580 -0.071765 0.000000 1.000000 0.000000 7.084502 -0.933580 0.000000 0.358368 0.597737 0.000000 0.000000 0.000000 1.000000
0.342020 0.000000 0.939693 -0.071765 0.000000 1.000000 0.000000 7.084502 -0.939693 0.000000 0.342020 0.597737 0.000000 0.000000 0.000000 1.000000
0.325568 0.000000 0.945519 -0.071765 0.000000 1.000000 0.000000 7.084502 -0.945519 0.000000 0.325568 0.597737 0.000000 0.000000 0.000000 1.000000
0.309017 0.000000 0.951057 -0.071765 0.000000 1.000000 0.000000 7.084502 -0.951057 0.000000 0.309017 0.597737 0.000000 0.000000 0.000000 1.000000
0.292372 0.000000 0.956305 -0.071765 0.000000 1.000000 0.000000 7.084502 -0.956305 0.000000 0.292372 0.597737 0.000000 0.000000 0.000000 1.000000
0.275637 0.000000 0.961262 -0.071765 0.000000 1.000000 0.000000 7.084502 -0.961262 0.000000 0.275637 0.597737 0.000000 0.000000 0.000000 1.000000
0.258819 0.000000 0.965926 -0.071765 0.000000 1.000000 0.000000 7.084502 -0.965926 0.000000 0.258819 0.597737 0.000000 0.000000 0.000000 1.000000
0.241922 0.000000 0.970296 -0.071765 0.000000 1.000000 0.000000 7.084502 -0.970296 0.000000 0.241922 0.597737 0.000000 0.000000 0.000000 1.000000
0.224951 0.000000 0.974370 -0.071765 0.000000 1.000000 0.000000 7.084502 -0.974370 0.000000 0.224951 0.597737 0.000000 0.000000 0.000000 1.000000
0.207912 0.000000 0.978148 -0.071765 0.000000 1.000000 0.000000 7.084502 -0.978148 0.000000 0.207912 0.597737 0.000000 0.000000 0.000000 1.000000
0.190809 0.000000 0.981627 -0.071765 0.000000 1.000000 0.000000 7.084502 -0.981627 0.000000 0.190809 0.597737 0.000000 0.000000 0.000000 1.000000
0.173648 0.000000 0.984808 -0.071765 0.000000 1.000000 0.000000 7.084502 -0.984808 0.000000 0.173648 0.597737 0.000000 0.000000 0.000000 1.000000
0.156434 0.000000 0.987688 -0.071765 0.000000 1.000000 0.000000 7.084502 -0.987688 0.000000 0.156434 0.597737 0.000000 0.000000 0.000000 1.000000
0.139173 0.000000 0.990268 -0.071765 0.000000 1.000000 0.000000 7.084502 -0.990268 0.000000 0.139173 0.597737 0.000000 0.000000 0.000000 1.000000
0.121869 0.000000 0.992546 -0.071765 0.000000 1.000000 0.000000 7.084502 -0.992546 0.000000 0.121869 0.597737 0.000000 0.000000 0.000000 1.000000
0.104528 0.000000 0.994522 -0.071765 0.000000 1.000000 0.000000 7.084502 -0.994522 0.000000 0.104528 0.597737 0.000000 0.000000 0.000000 1.000000
0.087156 0.000000 0.996195 -0.071765 0.000000 1.000000 0.000000 7.084502 -0.996195 0.000000 0.087156 0.597737 0.000000 0.000000 0.000000 1.000000
0.069756 0.000000 0.997564 -0.071765 0.000000 1.000000 0.000000 7.084502 -0.997564 0.000000 0.069756 0.597737 0.000000 0.000000 0.000000 1.000000
0.052336 0.000000 0.998630 -0.071765 0.000000 1.000000 0.000000 7.084502 -0.998630 0.000000 0.052336 0.597737 0.000000 0.000000 0.000000 1.000000
0.034899 0.000000 0.999391 -0.071765 0.000000 1.000000 0.000000 7.084502 -0.999391 0.000000 0.034899 0.597737 0.000000 0.000000 0.000000 1.000000
0.017452 0.000000 0.999848 -0.071765 0.000000 1.000000 0.000000 7.084502 -0.999848 0.000000 0.017452 0.597737 0.000000 0.000000 0.000000 1.000000
0.000000 0.000000 1.000000 -0.071765 0.000000 1.000000 0.000000 7.084502 -1.000000 0.000000 0.000000 0.597737 0.000000 0.000000 0.000000 1.000000
-0.017452 0.000000 0.999848 -0.071765 0.000000 1.000000 0.000000 7.084502 -0.999848 0.000000 -0.017452 0.597737 0.000000 0.000000 0.000000 1.000000
-0.034899 0.000000 0.999391 -0.071765 0.000000 1.000000 0.000000 7.084502 -0.999391 0.000000 -0.034899 0.597737 0.000000 0.000000 0.000000 1.000000
-0.052336 0.000000 0.998630 -0.071765 0.000000 1.000000 0.000000 7.084502 -0.998630 0.000000 -0.052336 0.597737 0.000000 0.000000 0.000000 1.000000
-0.069756 0.000000 0.997564 -0.071765 0.000000 1.000000 0.000000 7.084502 -0.997564 0.000000 -0.069756 0.597737 0.000000 0.000000 0.000000 1.000000
-0.087156 0.000000 0.996195 -0.071765 0.000000 1.000000 0.000000 7.084502 -0.996195 0.000000 -0.087156 0.597737 0.000000 0.000000 0.000000 1.000000
-0.104528 0.000000 0.994522 -0.071765 0.000000 1.000000 0.000000 7.084502 -0.994522 0.000000 -0.104528 0.597737 0.000000 0.000000 0.000000 1.000000
-0.121869 0.000000 0.992546 -0.071765 0.000000 1.000000 0.000000 7.084502 -0.992546 0.000000 -0.121869 0.597737 0.000000 0.000000 0.000000 1.000000
-0.139173 0.000000 0.990268 -0.071765 0.000000 1.000000 0.000000 7.084502 -0.990268 0.000000 -0.139173 0.597737 0.000000 0.000000 0.000000 1.000000
-0.156434 0.000000 0.987688 -0.071765 0.000000 1.000000 0.000000 7.084502 -0.987688 0.000000 -0.156434 0.597737 0.000000 0.000000 0.000000 1.000000
-0.173648 0.000000 0.984808 -0.071765 0.000000 1.000000 0.000000 7.084502 -0.984808 0.000000 -0.173648 0.597737 0.000000 0.000000 0.000000 1.000000
-0.190809 0.000000 0.981627 -0.071765 0.000000 1.000000 0.000000 7.084502 -0.981627 0.000000 -0.190809 0.597737 0.000000 0.000000 0.000000 1.000000
-0.207912 0.000000 0.978148 -0.071765 0.000000 1.000000 0.000000 7.084502 -0.978148 0.000000 -0.207912 0.597737 0.000000 0.000000 0.000000 1.000000
-0.224951 0.000000 0.974370 -0.071765 0.000000 1.000000 0.000000 7.084502 -0.974370 0.000000 -0.224951 0.597737 0.000000 0.000000 0.000000 1.000000
-0.241922 0.000000 0.970296 -0.071765 0.000000 1.000000 0.000000 7.084502 -0.970296 0.000000 -0.241922 0.597737 0.000000 0.000000 0.000000 1.000000
-0.258819 0.000000 0.965926 -0.071765 0.000000 1.000000 0.000000 7.084502 -0.965926 0.000000 -0.258819 0.597737 0.000000 0.000000 0.000000 1.000000
-0.275637 0.000000 0.961262 -0.071765 0.000000 1.000000 0.000000 7.084502 -0.961262 0.000000 -0.275637 0.597737 0.000000 0.000000 0.000000 1.000000
-0.292372 0.000000 0.956305 -0.071765 0.000000 1.000000 0.000000 7.084502 -0.956305 0.000000 -0.292372 0.597737 0.000000 0.000000 0.000000 1.000000
-0.309017 0.000000 0.951057 -0.071765 0.000000 1.000000 0.000000 7.084502 -0.951057 0.000000 -0.309017 0.597737 0.000000 0.000000 0.000000 1.000000
-0.325568 0.000000 0.945519 -0.071765 0.000000 1.000000 0.000000 7.084502 -0.945519 0.000000 -0.325568 0.597737 0.000000 0.000000 0.000000 1.000000
-0.342020 0.000000 0.939693 -0.071765 0.000000 1.000000 0.000000 7.084502 -0.939693 0.000000 -0.342020 0.597737 0.000000 0.000000 0.000000 1.000000
-0.358368 0.000000 0.933580 -0.071765 0.000000 1.000000 0.000000 7.084502 -0.933580 0.000000 -0.358368 0.597737 0.000000 0.000000 0.000000 1.000000
-0.374607 0.000000 0.927184 -0.071765 0.000000 1.000000 0.000000 7.084502 -0.927184 0.000000 -0.374607 0.597737 0.000000 0.000000 0.000000 1.000000
-0.390731 0.000000 0.920505 -0.071765 0.000000 1.000000 0.000000 7.084502 -0.920505 0.000000 -0.390731 0.597737 0.000000 0.000000 0.000000 1.000000
-0.406737 0.000000 0.913545 -0.071765 0.000000 1.000000 0.000000 7.084502 -0.913545 0.000000 -0.406737 0.597737 0.000000 0.000000 0.000000 1.000000
-0.422618 0.000000 0.906308 -0.071765 0.000000 1.000000 0.000000 7.084502 -0.906308 0.000000 -0.422618 0.597737 0.000000 0.000000 0.000000 1.000000
-0.438371 0.000000 0.898794 -0.071765 0.000000 1.000000 0.000000 7.084502 -0.898794 0.000000 -0.438371 0.597737 0.000000 0.000000 0.000000 1.000000
-0.453990 0.000000 0.891007 -0.071765 0.000000 1.000000 0.000000 7.084502 -0.891007 0.000000 -0.453990 0.597737 0.000000 0.000000 0.000000 1.000000
-0.469472 0.000000 0.882948 -0.071765 0.000000 1.000000 0.000000 7.084502 -0.882948 0.000000 -0.469472 0.597737 0.000000 0.000000 0.000000 1.000000
-0.484810 0.000000 0.874620 -0.071765 0.000000 1.000000 0.000000 7.084502 -0.874620 0.000000 -0.484810 0.597737 0.000000 0.000000 0.000000 1.000000
-0.500000 0.000000 0.866025 -0.071765 0.000000 1.000000 0.000000 7.084502 -0.866025 0.000000 -0.500000 0.597737 0.000000 0.000000 0.000000 1.000000
-0.515038 0.000000 0.857167 -0.071765 0.000000 1.000000 0.000000 7.084502 -0.857167 0.000000 -0.515038 0.597737 0.000000 0.000000 0.000000 1.000000
-0.529919 0.000000 0.848048 -0.071765 0.000000 1.000000 0.000000 7.084502 -0.848048 0.000000 -0.529919 0.597737 0.000000 0.000000 0.000000 1.000000
-0.544639 0.000000 0.838671 -0.071765 0.000000 1.000000 0.000000 7.084502 -0.838671 0.000000 -0.544639 0.597737 0.000000 0.000000 0.000000 1.000000
-0.559193 0.000000 0.829038 -0.071765 0.000000 1.000000 0.000000 7.084502 -0.829038 0.000000 -0.559193 0.597737 0.000000 0.000000 0.000000 1.000000
-0.573576 0.000000 0.819152 -0.071765 0.000000 1.000000 0.000000 7.084502 -0.819152 0.000000 -0.573576 0.597737 0.000000 0.000000 0.000000 1.000000
-0.587785 0.000000 0.809017 -0.071765 0.000000 1.000000 0.000000 7.084502 -0.809017 0.000000 -0.587785 0.597737 0.000000 0.000000 0.000000 1.000000
-0.601815 0.000000 0.798636 -0.071765 0.000000 1.000000 0.000000 7.084502 -0.798636 0.000000 -0.601815 0.597737 0.000000 0.000000 0.000000 1.000000
-0.615661 0.000000 0.788011 -0.071765 0.000000 1.000000 0.000000 7.084502 -0.788011 0.000000 -0.615661 0.597737 0.000000 0.000000 0.000000 1.000000
-0.629320 0.000000 0.777146 -0.071765 0.000000 1.000000 0.000000 7.084502 -0.777146 0.000000 -0.629320 0.597737 0.000000 0.000000 0.000000 1.000000
-0.642788 0.000000 0.766044 -0.071765 0.000000 1.000000 0.000000 7.084502 -0.766044 0.000000 -0.642788 0.597737 0.000000 0.000000 0.000000 1.000000
-0.656059 0.000000 0.754710 -0.071765 0.000000 1.000000 0.000000 7.084502 -0.754710 0.000000 -0.656059 0.597737 0.000000 0.000000 0.000000 1.000000
-0.669131 0.000000 0.743145 -0.071765 0.000000 1.000000 0.000000 7.084502 -0.743145 0.000000 -0.669131 0.597737 0.000000 0.000000 0.000000 1.000000
-0.681998 0.000000 0.731354 -0.071765 0.000000 1.000000 0.000000 7.084502 -0.731354 0.000000 -0.681998 0.597737 0.000000 0.000000 0.000000 1.000000
-0.694658 0.000000 0.719340 -0.071765 0.000000 1.000000 0.000000 7.084502 -0.719340 0.000000 -0.694658 0.597737 0.000000 0.000000 0.000000 1.000000
-0.707107 0.000000 0.707107 -0.071765 0.000000 1.000000 0.000000 7.084502 -0.707107 0.000000 -0.707107 0.597737 0.000000 0.000000 0.000000 1.000000
-0.719340 0.000000 0.694658 -0.071765 0.000000 1.000000 0.000000 7.084502 -0.694658 0.000000 -0.719340 0.597737 0.000000 0.000000 0.000000 1.000000
-0.731354 0.000000 0.681998 -0.071765 0.000000 1.000000 0.000000 7.084502 -0.681998 0.000000 -0.731354 0.597737 0.000000 0.000000 0.000000 1.000000
-0.743145 0.000000 0.669131 -0.071765 0.000000 1.000000 0.000000 7.084502 -0.669131 0.000000 -0.743145 0.597737 0.000000 0.000000 0.000000 1.000000
-0.754710 0.000000 0.656059 -0.071765 0.000000 1.000000 0.000000 7.084502 -0.656059 0.000000 -0.754710 0.597737 0.000000 0.000000 0.000000 1.000000
-0.766044 0.000000 0.642788 -0.071765 0.000000 1.000000 0.000000 7.084502 -0.642788 0.000000 -0.766044 0.597737 0.000000 0.000000 0.000000 1.000000
-0.777146 0.000000 0.629320 -0.071765 0.000000 1.000000 0.000000 7.084502 -0.629320 0.000000 -0.777146 0.597737 0.000000 0.000000 0.000000 1.000000
-0.788011 0.000000 0.615661 -0.071765 0.000000 1.000000 0.000000 7.084502 -0.615661 0.000000 -0.788011 0.597737 0.000000 0.000000 0.000000 1.000000
-0.798636 0.000000 0.601815 -0.071765 0.000000 1.000000 0.000000 7.084502 -0.601815 0.000000 -0.798636 0.597737 0.000000 0.000000 0.000000 1.000000
-0.809017 0.000000 0.587785 -0.071765 0.000000 1.000000 0.000000 7.084502 -0.587785 0.000000 -0.809017 0.597737 0.000000 0.000000 0.000000 1.000000
-0.819152 0.000000 0.573576 -0.071765 0.000000 1.000000 0.000000 7.084502 -0.573576 0.000000 -0.819152 0.597737 0.000000 0.000000 0.000000 1.000000
-0.829038 0.000000 0.559193 -0.071765 0.000000 1.000000 0.000000 7.084502 -0.559193 0.000000 -0.829038 0.597737 0.000000 0.000000 0.000000 1.000000
-0.838671 0.000000 0.544639 -0.071765 0.000000 1.000000 0.000000 7.084502 -0.544639 0.000000 -0.838671 0.597737 0.000000 0.000000 0.000000 1.000000
-0.848048 0.000000 0.529919 -0.071765 0.000000 1.000000 0.000000 7.084502 -0.529919 0.000000 -0.848048 0.597737 0.000000 0.000000 0.000000 1.000000
-0.857167 0.000000 0.515038 -0.071765 0.000000 1.000000 0.000000 7.084502 -0.515038 0.000000 -0.857167 0.597737 0.000000 0.000000 0.000000 1.000000
-0.866025 0.000000 0.500000 -0.071765 0.000000 1.000000 0.000000 7.084502 -0.500000 0.000000 -0.866025 0.597737 0.000000 0.000000 0.000000 1.000000
-0.874620 0.000000 0.484810 -0.071765 0.000000 1.000000 0.000000 7.084502 -0.484810 0.000000 -0.874620 0.597737 0.000000 0.000000 0.000000 1.000000
-0.882948 0.000000 0.469472 -0.071765 0.000000 1.000000 0.000000 7.084502 -0.469472 0.000000 -0.882948 0.597737 0.000000 0.000000 0.000000 1.000000
-0.891007 0.000000 0.453990 -0.071765 0.000000 1.000000 0.000000 7.084502 -0.453990 0.000000 -0.891007 0.597737 0.000000 0.000000 0.000000 1.000000
-0.898794 0.000000 0.438371 -0.071765 0.000000 1.000000 0.000000 7.084502 -0.438371 0.000000 -0.898794 0.597737 0.000000 0.000000 0.000000 1.000000
-0.906308 0.000000 0.422618 -0.071765 0.000000 1.000000 0.000000 7.084502 -0.422618 0.000000 -0.906308 0.597737 0.000000 0.000000 0.000000 1.000000
-0.913545 0.000000 0.406737 -0.071765 0.000000 1.000000 0.000000 7.084502 -0.406737 0.000000 -0.913545 0.597737 0.000000 0.000000 0.000000 1.000000
-0.920505 0.000000 0.390731 -0.071765 0.000000 1.000000 0.000000 7.084502 -0.390731 0.000000 -0.920505 0.597737 0.000000 0.000000 0.000000 1.000000
-0.927184 0.000000 0.374607 -0.071765 0.000000 1.000000 0.000000 7.084502 -0.374607 0.000000 -0.927184 0.597737 0.000000 0.000000 0.000000 1.000000
-0.933580 0.000000 0.358368 -0.071765 0.000000 1.000000 0.000000 7.084502 -0.358368 0.000000 -0.933580 0.597737 0.000000 0.000000 0.000000 1.000000
-0.939693 0.000000 0.342020 -0.071765 0.000000 1.000000 0.000000 7.084502 -0.342020 0.000000 -0.939693 0.597737 0.000000 0.000000 0.000000 1.000000
